total num of kernel instructions: 3454953
RET: 76747 rate: 0.02221361622
MOV_WRITE: 251857 rate: 0.0728973737125
CALL_INDIRECT: 15479 rate: 0.00448023460811
STOS: 2085 rate: 0.000603481436651
XCHG: 444 rate: 0.000128511154855
CALL_DIRECT: 296071 rate: 0.0856946534439
MOV_READ: 522698 rate: 0.151289467614
XCHG_WRITE: 423 rate: 0.000122432924558
OUT: 515 rate: 0.00014906136205
REP: 0 rate: 0.0
