total num of kernel instructions: 3454898
RET: 76740 rate: 0.022211943739
MOV_WRITE: 251852 rate: 0.0728970869762
CALL_INDIRECT: 15479 rate: 0.00448030593088
STOS: 2085 rate: 0.00060349104373
XCHG: 444 rate: 0.000128513200679
CALL_DIRECT: 296066 rate: 0.085694570433
MOV_READ: 522689 rate: 0.151289271058
XCHG_WRITE: 423 rate: 0.00012243487362
OUT: 515 rate: 0.000149063735022
REP: 0 rate: 0.0
