total num of kernel instructions: 3454957
RET: 76750 rate: 0.0222144588196
MOV_WRITE: 245439 rate: 0.0710396685111
CALL_INDIRECT: 15479 rate: 0.00448022942109
STOS: 2085 rate: 0.000603480737966
XCHG: 444 rate: 0.00012851100607
CALL_DIRECT: 245715 rate: 0.0711195537311
MOV_READ: 526920 rate: 0.152511304772
XCHG_WRITE: 423 rate: 0.00012243278281
CALL_NEXT: 261194 rate: 0.0755997831521
OUT: 515 rate: 0.000149061189474
REP: 0 rate: 0.0
