total num of kernel instructions: 3696462
RET: 81355 rate: 0.0220088830887
MOV_WRITE: 264422 rate: 0.0715338071918
CALL_INDIRECT: 15910 rate: 0.0043041156652
STOS: 2248 rate: 0.000608149089589
XCHG: 462 rate: 0.000124984376953
CALL_DIRECT: 260651 rate: 0.0705136425046
MOV_READ: 566336 rate: 0.153210285944
XCHG_WRITE: 441 rate: 0.00011930326891
CALL_NEXT: 276561 rate: 0.0748177581698
OUT: 515 rate: 0.000139322411538
REP: 0 rate: 0.0
