total num of kernel instructions: 3697268
RET: 81363 rate: 0.0220062489384
MOV_WRITE: 264427 rate: 0.0715195652574
CALL_INDIRECT: 15910 rate: 0.00430317737313
STOS: 2248 rate: 0.000608016513815
XCHG: 462 rate: 0.000124957130508
CALL_DIRECT: 260749 rate: 0.0705247766729
MOV_READ: 566642 rate: 0.153259650098
XCHG_WRITE: 441 rate: 0.00011927726094
CALL_NEXT: 276659 rate: 0.0748279540461
OUT: 515 rate: 0.000139292039419
REP: 0 rate: 0.0
