total num of kernel instructions: 3454953
RET: 76747 rate: 0.02221361622
MOV_WRITE: 245444 rate: 0.0710411979555
CALL_INDIRECT: 15479 rate: 0.00448023460811
STOS: 2085 rate: 0.000603481436651
XCHG: 444 rate: 0.000128511154855
CALL_DIRECT: 245715 rate: 0.0711196360703
MOV_READ: 526920 rate: 0.152511481343
XCHG_WRITE: 423 rate: 0.000122432924558
CALL_NEXT: 261194 rate: 0.0755998706784
OUT: 515 rate: 0.00014906136205
REP: 0 rate: 0.0
